0  767
1  1091
2  613
3  531
4  503
5  551
6  594
7  412
8  438
9  530
10  569
11  358
12  560
13  376
14  374
15  418
16  405
17  571
18  349
19  331
20  316
21  332
22  341
23  334
24  363
25  483
26  202
27  297
28  293
29  304
30  252
31  329
32  236
33  199
34  232
35  233
36  247
37  234
38  232
39  131
40  230
41  275
42  151
43  267
44  146
45  331
46  151
47  180
48  335
49  162
50  332
51  157
52  164
53  180
54  360
55  198
56  203
57  192
58  211
59  194
60  234
61  222
63  226
64  282
66  338
67  352
69  352
71  408
73  474
76  511
78  537
81  612
84  675
88  749
91  820
95  883
100  945
104  1034
109  1170
114  1290
120  1347
125  1403
131  1518
136  1545
142  1585
148  1505
154  1450
162  1555
169  1708
175  1893
180  2048
185  1860
189  1688
194  1337
198  1109
203  1026
208  1132
212  1077
213  1
214  2
216  4
217  1154
221  1137
224  971
226  1151
227  970
228  710
229  110
230  27
231  30
232  9
233  10
