3  1
4  4
5  8
6  15
7  17
8  18
9  9
10  24
11  22
12  30
13  37
14  35
15  37
16  40
17  45
18  35
19  44
20  36
21  39
22  27
23  36
24  33
25  33
26  36
27  40
28  26
29  40
30  49
31  51
32  61
33  78
34  67
35  86
36  99
37  84
38  82
39  73
40  77
41  73
42  64
43  52
44  44
45  51
46  57
47  36
48  50
49  58
50  49
51  46
52  62
53  44
54  45
55  59
56  57
57  50
58  61
59  53
60  69
61  61
62  74
63  62
64  72
65  79
66  77
67  76
68  72
69  111
70  71
71  96
72  108
73  102
74  95
75  140
76  106
77  126
78  105
79  126
80  110
81  127
82  131
83  140
84  141
85  138
86  137
87  163
88  174
89  192
90  164
91  189
92  169
93  211
94  176
95  182
96  155
97  195
98  210
99  184
100  192
101  193
102  181
103  205
104  213
105  210
106  195
107  213
108  172
109  186
110  183
111  166
112  169
113  162
114  151
115  165
116  158
117  174
118  172
119  169
120  150
121  184
122  204
123  159
124  152
125  167
126  164
127  173
128  29
129  153
130  144
131  144
132  149
133  153
134  151
135  128
136  124
137  117
138  95
139  117
140  120
141  116
142  98
143  101
144  116
145  116
146  110
147  123
148  117
149  130
150  132
151  102
152  117
153  115
154  131
155  106
156  124
157  126
158  149
159  151
160  139
161  128
162  146
163  154
164  177
165  151
166  180
167  160
168  175
169  162
170  170
171  162
172  157
173  164
174  180
175  186
176  174
177  198
178  203
179  192
180  211
181  194
182  234
183  222
184  226
185  282
186  338
187  352
188  352
189  408
190  474
191  511
192  537
193  612
194  675
195  749
196  820
197  883
198  945
199  1034
200  1170
201  1290
202  1347
203  1403
204  1518
205  1545
206  1585
207  1505
208  1450
209  1555
210  1708
211  1893
212  2048
213  1860
214  1688
215  1337
216  1109
217  1026
218  1132
219  1077
220  1154
221  1137
222  971
223  1151
224  970
225  710
226  110
227  27
228  30
229  9
230  10
231  4
232  2
233  1
4
226  408
227  374
228  410
229  501
230  640
231  762
232  706
233  470
234  268
235  136
236  108
237  83
238  64
239  65
240  45
241  23
242  25
243  18
244  13
245  4
246  6
